605293 606510 341
956739 956006 352
826611 825983 176
756134 756776 362
478642 479101 338
815892 815933 269
719220 719135 168
929349 929040 78
948351 948681 326
491808 491202 108
504516 507852 382
604712 604712 67
436809 436182 144
630804 630542 217
975948 975688 96
945718 945752 202
747700 747747 243
652581 653137 336
824003 823974 220
655077 655161 186
567537 567893 346
851101 851038 127
524621 524569 196
549210 549073 116
782205 782263 287
422252 422691 325
285142 285524 376
478472 479285 338
485461 484957 139
748121 748121 256
823874 824088 238
359661 358904 66
388654 388444 180
981428 981459 184
830977 832487 419
654572 654612 248
240125 241624 368
532347 536933 377
545105 545167 209
850670 851113 357
978562 976960 78
319662 322868 371
560495 559981 134
831101 831011 176
784445 782843 163
859271 859331 295
998394 998498 277
975465 975228 153
687538 680880 106
786313 786051 225
780568 780732 300
363174 361163 92
261481 261858 288
908012 909802 370
984442 984350 153
931890 931544 158
788836 791387 406
919454 919499 202
575642 575716 297
915504 916839 339
285788 285880 252
919365 918704 158
827554 827930 313
850429 850334 176
737959 737960 142
809210 810518 406
974713 974143 153
456486 455019 201
727712 727631 44
743706 745566 318
465147 463724 157
945152 944673 78
776248 775948 88